5515868471420437
5017083292704976
5554545300854861
7618779394378574
0231139801492744
3932872937256351
7610379293622273
8582554366454841
5924740244587178
1203366039661728
2793950917579506
9763426472641050
7115850086203796
8176826570128305
6305799915092646
6078673389398597
6490867867781753
4957973510612764
7433395666375970
2080502839227818
6055110484925965
7105398155167552
2222734106495323
5011724894646028
1853318500962695
9149988292770447
5468045954392229
1590323599817594
8331267152629395
5701748604923547
0427929257073912
6482797285427574
8651727442344488
8644055406208932
4573565185905316
9452565667065611
7231680065699407
9641403712435103
6350254287284057
8587815931900953
3106246961876848
0600764254481494
2882879997051209
5146104152838780
0741142602345494
6763377846970520
9023443690315860
1353096950810351
7296816346830111
8449725553482307
2836491092217548
1244642237171964
6758376134645511
1643583416541831
7487958114679102
2344395144935681
3939299100066451
2799509176305471
4374223396003631
5088429159917943
6112863401867889
1578602426659610
9110335387089178
0980087796223810
5193103822953133
2131327215348024
1692448429173640
2447986986491232
8029485634488396
4052753523514707
1069846911345237
7542473294980773
1714137577818033
0491629596047527
8560383883394288
8697460065422419
8113528745662634
1242542203957086
3014778085077137
8707801909647590
2553399518639935
6791758072892732
0240435216374616
8620467780728405
3851433963997466
1920822567955598
4300804641950205
9540894179462621
3352894254156906
8087070773477208
1059263286262420
8702057874065923
1958084130044312
2794498470806293
3169664691927383
3661472995580678
2134789369045584
3417535785503732
9278374754988478
8691831940126597
3290413659307631
7561048394119487
8630225541118282
3912452517538601
1807605649702900
3337521486296113
9205506583334905
5656667442423159
5202700651617444
0283780261940974
3970007638415189
8609121714801216
2191082347547111
7038319145208543
7677287565695747
8963153294980320
7124247374326981
6981459046014640
7525219528725278
1396842357627212
1634039011441222
0592077817263037
0296590040786739
7500462769597961
6024349118407565
8489441917567995
4622466270487190
5326440294515747
1935118554233486
9791181253310286
8458222655938797
0519142756873709
6102882814629000
6724277120077975
6778948923032303
0672179789743695
0715364122031302
2265638941418832
9694887151346280
0435847792873442
4541805012290311
7495710537328794
7180822746225624
6846377699765236
9576844066902969
0954059440061512
0024348760536186
7961912301864473
0133030970480866
5677594275619605
8647857718986659
7248162648842955
9139576895137251
0936475632548365
5096742761209934
2245386532392207
0424675611018966
6246245084210230
7211129960164398
1013267310995530
8790902801647827
9726510559945563
5572918690909447
2668893929839479
2088355813212646
9702880393457040
8765389788881639
0064102176268354
9631095443685463
5570147566188544
1849385723283713
6459351595422821
7459491392846716
4253557860070229
4159708761656611
1614039081033424
7754742157249864
4116934971551574
9124097639937549
7868218828070350
5957196965423748
1503769823189638
1918260706914601
1116423167783845
3254515260602374
4841049685179761
1972267368241687
4676950904196905
9877162298242597
7361614031489923
6210325597635443
6734942696350817
3619158257977379
1911302322199560
9745109763219898
3735620704060518
0614952483289259
5807911527615855
2573608405280530
4261147138276072
6180665646300903
5294677337337084
7393098417008896
9082469197563466
8126853056378587
1571660976390013
1001101646664119
4524718277066457
2180305993611367
8381512381390081
7401546994851778
2332721166938206
7819022375377143
2759206043311455
6645366488112810
0146641158934627
1934862762273426
1598190969261460
8405128469986338
2637969276171736
9872939992809776
0005974586761501
7137545196262267
9238463129024314
3833553306162696
8446855051154899
3842100774436627
8488382257509570
2391754772029740
2190168061309524
4754388934809467
0710867716914289
0665776974081654
3600207270534391
9016419610830262
3261812098183621
6335529882035415
3127723186085424
6181370785198805
9376093920920549
9988292979153381
6350732741803545
0217926629342014
4723761953888230
1734763013711569
4473129393345892
5019302690012550
6029470465436780
6540409326783198
8499687911824141
4637946512829393
2502923171877115
9694411638640707
7963955648477113
1999382865984410
7089530998854499
5525300621526986
6273405046612324
5433013159977140
8468716299133999
1111875852888623
8456951955247299
1717602929615123
6471548777598074
7201171863732621
1638321888214029
1910082463643705
9460785550140784
7010077424415478
1936604294115020
5186894782262299
0307077616451254
3422434285119566
6549541899701870
6337456148474063
1312132622086898
5035925292814902
9271576583417256
1084206350027066
0409495869299137
3790055544520943
4611292291352964
5440322612784572
7162130601791586
5507527827380176
7354025673844199
4504841706646194
4390172904440546
8564556469240186
8137183529809260
6632722197084568
8531550730636843
0228197608536549
4919407387822161
9867468687295703
3910298823170217
1256330610372300
7027949549868935
4934976780832235
3694617577249001
6151410433869662
0915944402468928
4732216940222085
1016082098977763
4656444958812373
4791751069627929
3682307687912092
2130690718879623
7989485032459180
6859645293420580
0363394149854261
3895677132735445
6305515540360688
0640263299343801
7048624388543538
0656000508441143
0014908391000118
5106913065712515
6261948974436033
1144995497611592
8778577900036194
4139221643200908
7177767383441810
7121996333996559
4314137009275160
4255753529025962
5378443558885186
0311248739681454
2314947519154414
4923317407539063
9469586411705526
8879213347106702
8217818570124646
8536724566195652
7779743505919239
8771877877525270
4773571048725235
5597097313803040
8290216447549093
0730737250960059
2218175068465519
8131422451827359
7953940973951943
0656134127160223
7066673962277336
6252116500287615
2533844807094184
1947793781830834
1290503902250042
0785175363268414
5794228857423449
1481847882960886
8956774209201457
4655447307855571
3914012890049670
5399923325386128
9552908414872589
7543326165827310
1751661570326169
9672108144407852
5493258192602829
7577943939375414
5213519898528849
4092910037843498
2055459305141244
9559480854298074
3021474940459369
2625300250057727
5902413977958249
2780889399625641
4313772735080038
8898008614171681
4042767733719956
9973691328397988
5564187785264999
1908524736865264
5585133132173036
4642929413741700
8475871235898627
4526101101290895
9224660779097315
6877783976450873
7858521721552810
7549968287303238
3475671043288833
7736345638498433
2311601791562007
4606497936433673
8859846453248788
3374241927566634
7925369482277282
8820500895379652
9702360035814491
8846124817149146
7732910093115560
9126166801366890
8549117342691140
7005177614517364
3638341244627590
7941286610468448
4286762236231867
4047231199060307
9229062026060030
3187922176786726
8414682921581079
6964224684483412
1218906252822575
1325837958070339
9393811611814492
2366417705840578
7115820672951782
8982141247526777
4303273104246552
3128484125714732
1027183325191892
4522707381336418
9799609955879101
6118625455221564
0967201041989282
7168989581286830
8328876193449711
2727827103800460
7103941533605172
6173920940234849
2840994331678393
5373513279616489
7348645136367868
2267668503809409
5969373411994329
6319386822369270
3741544706879993
1958002551391130
6524232312914791
5109067652954884
9120476256016365
2411777774445102
6934518571701567
6647832463740478
2684040618417807
3225639264253700
9513611925443414
2513039178791061
4045540962100821
6860547278450249
4322244638401830
7242313852431226
6193830911248200
5227414385544924
9272786172927956
8360293989040603
5468294152973690
1749835977408708
8916962346991221
4906608600074037
9752644030031222
9895442851451076
1487182772047884
5530769258717677
5778777011933314
1587087715875999
9928881431130910
6059244989300557
0158732154368511
1767639942820423
2664088142113261
9297549574189618
0256672212419469
3313560470290755
0878724250738794
3718305157273571
9168870343354031
8987218304740804
8992265194976177
0018338820548956
1268511641498260
9414247696413985
4359760403104900
4092989839064791
9683556676180737
7956943842029432
7657439435616170
7363083324920058
3315366301048159
2274219557314347
6071732519255453
0578117321009443
9887135439726167
2595025817664636
7741122545442818
7389203288702403
8834934085640065
0675175348013973
5607990498639660
4855055212048746
3391025894959842
1517589405875375
8169207155257677
0583746276100982
6358192991373628
5650853090549250
8091856287944642
7220589093967599
4034483725175163
1743651215005264
0342466364693470
3598193975875969
9271439667883348
5662745753535526
7644191434391226
2132019699400378
0423773886236764
1222180965514945
4221191241728849
2052832196413447
8822245902578617
7488560047656627
9704575003882731
8437354925554523
2104653860007746
7400082832876788
9572450472754827
9229842427434309
2570217268354571
9039675306683857
6723284428347939
4865383170880593
5706944649566008
9909055880205731
1719402650300695
3779144658114507
2059902905736675
0528416980728587
5838559973985323
2175798473699115
1754916592837939
1269945526706031
3598230922600093
8396538875401819
1843055024424815
6228096650776227
4503567825252573
0211646279871767
5123585965742833
0364012979408810
9365021610640815
5121111566965573
4050497426836043
0518736110189140
3399310781655514
8615382997757822
1641143001504843
1150660014517463
8583823310122477
2862164367116859
0662651346875125
5973897264738251
7881203303106598
6968003014789379
6490976326059938
1641429264703329
9757476730819229
3053587935926059
2026731814189094
6318411670361174
0958141700588709
7984909149959546
7648894765935980
1600029842711596
7808959849636001
6450352116115861
7333126765674872
0728267133130784
7314979948563314
1145621672035827
7516446581694267
7615857048645820
9308738904974082
4887550133241268
6021640831460339
7495442277409520
0941058222548878
1234136678037362
4649648960083769
7594986896781281
0885343690284338
9778924014839099
9109313731261346
2175688570847088
5149114273870033
8219495270743165
5803126552924356
4252680681355560
2475584323335046
3901894690926297
3305371736963276
3629318344017830
3982422723242349
7042980246933251
0009214667190104
8398908889392191
3044853055221256
4692364788591919
4807108741170465
3813006873441683
5924703617538572
4369103008087593
9013639925548300
6378820632098499
0862878529099718
6808176639724859
5033113423899474
4056304418206309
5149874344160092
9383165410868528
2035020640441769
3272770565289013
0002146234722523
6489991674061723
2074635736926381
0980192045490316
2860328167531538
8373772906749447
4734676457565949
4250680965583235
9794872606001262
8007483853962988
7909069325389109
4573926072611703
2318645229351643
7920621080827293
3388072601431866
8332488293309800
1364693878929814
4724991048190938
4476427520108048
2473577189200950
9045805549342255
5727584185496417
4825729176473998
1037716400641869
4713666522511406
7773978885893072
0922432102927769
8824784328535944
6371303813331681
5068657704994013
1986548473500165
8840116999618447
3198697190863818
5114688501124501
7765762091775312
2930336320031302
2373123849289926
5147170573524928
9254631752898682
2315758002981235
8530977157584747
6357634291682131
4825815214697444
7207669448595674
6642992973696296
8354326111337776
3472068818956662
7294268737181595
1897015633539730
9147885658329930
2263174561982524
0830562236200032
4945050528720044
2226268302005754
6231741682091102
1663585570202607
0046069798139555
6741823413245753
5299081981011629
3211968776336742
6189024274574137
8263170938178634
1287587884592039
6394416221514057
5584392814664808
7112930197294350
3484039658885311
2212256171706122
7074108920925387
1940127139053031
4891085289461630
6935263573746636
9330767091112574
4644526530920225
3442333426312791
1009714679708007
6541474966163513
3370052427673315
5520349336262253
9961054087175045
5299300894086063
5694394017601448
9856334575983450
7627537507035699
6993052700187740
0873723608078421
7291118689850207
7362226070729607
5201045344225778
4625628884915125
5136107033236581
6593722721418241
8814971825218075
6197731984242440
2781083010454765
4737629089086659
2562154864361268
9223270173962398
4757789901406056
2852644997116753
8991822538048096
5797970083514829
3780475793837082
5776380654489657
3989350636454324
2274371409313268
7142812808698012
1640438022695078
7654366518534598
3872283661504362
0590113346571114
5288897648627730
9008511313321605
4997230831887208
1004939296949930
8474064302590826
9694506059599273
0940713764448124
3718108321931225
3253468660069593
2416339249138993
4375544264923735
9027431437312408
1799909111010246
4097893785366216
3453329300135724
4014018602695259
0461050532125395
5536592782214998
9662776826117274
9958340826558836
6740521277783363
7569081881415031
5736315747056695
0784172489739861
9453812133344598
2647515355192421
6037957430326411
1862944514190891
8713862688796854
7076689454532630
7769697286582325
3744593294976399
2699027852290044
2863692397959375
3033260185968049
9356575503545873
5518044219128110
5144255903319047
8637454926371954
6508721801504901
0572087017231605
4269615692027251
9052569484733975
5501813562567763
5447881668570550
0973788306459073
2782022519388473
8289752541739459
0458484109687300
3059831190682553
2383377585609363
9452640817104969
1412673942135985
9968347913333454
4338030465728871
5931321406968884
3895292813322114
5688418735424619
4024758398521869
7112149566042401
3683177293235712
8070598843841514
7789870764161946
3662186147363846
8339279287716987
3365910331351839
0361410915927145
7816062272872578
5312789083934807
9286332904743680
7557449065188425
9945868021302240
5081582097515839
4543083446620901
8135491466788394
4777488184339843
0583948029457815
2662176343659920
4967233672251387
1788527683034452
3268102938402742
9324407303683818
7021677518890870
4199015486928734
8535115327466757
6721978094185809
1503794106483451
3569861084665947
1872842548536369
2925755420343997
8252911835204878
1528762156033816
2797707383482152
9159613783263554
6395067710219544
9356513525231330
0054166290408348
7378004301695360
8798516975553516
7001006626991871
1887495132974466
4696812400469443
6589301992648747
8177106953713979
4646178974030694
7383566274331895
4405470996287486
8938821900781414
8317978013595995
3770317566613867
5932201746637473
7717382715786540
0345881168731072
9122761349165108
7392695163205184
7836199569882001
0618340948095037
4697833600201622
5127922721827988
3296466046403205
7119224107853358
9099000299460281
4501691303092898
5089413795374478
3020507020183698
0314035861939330
8022290741966701
7082567306196030
3739966308821399
6276321865104006
2421963709946450
3236556523473971
8755944360728210
8590628188476329
0890896415428307
1149984219886152
4315320324090787
6836441577260067
6117376596629725
2342499220837533
1264339840982975
6481144289848203
5999025453682101
6359666916821569
5931102861949148
4016599268556170
3427500444191718
0983429864042416
7340875811274026
7988750742728439
7250708389006224
9680740181839442
5469957066854952
0190485772938728
6193911242356983
3109622404710150
4996361330785316
8643369977578211
2723036843738355
9438411310000532
5956529975966008
7115667260882713
1332860340259596
8168827579322886
9585614225342618
1120167167843419
2796785301142084
4688216366760873
7194780892952479
3173984452298732
3432504470271093
8213710100727402
7744506714025227
9663587831937280
7005663300566426
7922319646496451
2009364154255236
7512940843769228
5228965539596755
1428687933625771
3917501364568347
3829658983873419
5794202987447988
4539239059299413
9308641708082996
6513561532322128
0917528582087350
8042374435850027
1752789814431800
4815380764268956
5868982752575024
9149423329158220
8981075876432635
4267576929431578
6583336297431635
4388498508116743
3022447808362967
8715414256322163
9273529860673089
3009714081136495
2729861464488293
7924215624218057
8170011292700870
4277653698369469
1867180802366261
7668569662914278
0009902540526556
2093093881314565
2394025461827767
4947575533107715
8667723021387501
5185213101820446
8141877264586892
9291218321443586
4406904134651103
2632840719687899
5105390441972585
4183258604248906
8341801478120926
4004477675753993
4519836592572215
7755019703675053
0735769061229367
1555217783688759
1724312704974896
5128085412632307
4467672111782990
5252825522709773
7717350352749088
5229483452338990
6804529980431829
9783733806470251
5720161188423003
5256957278644663
8116628500114702
9847596953417804
1199120189644644
5612321450240047
7765245424087670
3215218690744135
0001121174937793
5976043922411367
4977049956015572
6308712011659659
6067946636788632
2437441562960793
1234567812345678
4930581071271920
4520802946237334
9769670899888118
9575090064865430
4064440813902401
3426943576716230
0228392667685226
9999217145749651
6979499620791299
1702211091551093
5378847619036337
3086513326046314
1624547482971753
4663733922803792
2241509667877833
4860651247871515
6848176786255928
8077865224860851
0568162694615240
3212841872670884
5456072749938755
4271034746688119
4495430934437459
6794443419446323
7233151584851085
4826241819270737
1018460052307124